7 0.24296875 0.36640625 0.053125 0.14453125
7 0.54921875 0.765625 0.0828125 0.26484375
7 0.78984375 0.43828125 0.05546875 0.17578125
7 0.425 0.1734375 0.034375 0.0828125
3 0.2421875 0.3078125 0.009375 0.0125
3 0.2375 0.31328125 0.0109375 0.015625
3 0.78671875 0.36875 0.01484375 0.0234375
4 0.5453125 0.65390625 0.0171875 0.02890625
4 0.55859375 0.653125 0.01640625 0.0390625
4 0.4234375 0.14140625 0.0109375 0.01484375
1 0.60859375 0.13046875 0.05859375 0.0921875
2 0.9640625 0.1484375 0.03828125 0.20546875
9 0.70546875 0.04453125 0.04609375 0.08828125
0 0.57890625 0.03515625 0.03984375 0.0703125
8 0.8624108328125001 0.555257209375 0.408149875 0.5666223968749999 0.4050150421875 0.5862320265625 0.8591344390625 0.575169634375 0.8624108328125001 0.555257209375