7 0.0375 0.61015625 0.075 0.2203125
7 0.19453125 0.61015625 0.1171875 0.225
7 0.32265625 0.6203125 0.1078125 0.2234375
7 0.46796875 0.59921875 0.07890625 0.19921875
7 0.64140625 0.6109375 0.09375 0.20546875
7 0.57109375 0.6671875 0.13671875 0.33046875
7 0.5265625 0.575 0.046875 0.1390625
3 0.0203125 0.52734375 0.0390625 0.03515625
3 0.184375 0.51953125 0.04921875 0.0375
3 0.32421875 0.52890625 0.03828125 0.02578125
3 0.46640625 0.528125 0.0328125 0.02734375
3 0.48125 0.51875 0.03203125 0.02109375
3 0.53125 0.52421875 0.025 0.03203125
3 0.56640625 0.52265625 0.040625 0.03125
3 0.6296875 0.5296875 0.03359375 0.03046875
6 0.80859375 0.35234375 0.0359375 0.0515625
6 0.53359375 0.08046875 0.05 0.103125
6 0.8125 0.50390625 0.0375 0.0765625
8 0.0478073125 0.69153393125 0.7368629624999999 0.703622865625 0.7489030265625 0.6764227640625 0.0700349140625 0.6643338296875 0.0478073125 0.69153393125