7 0.61328125 0.71953125 0.0890625 0.2546875
7 0.70703125 0.74921875 0.0859375 0.271875
7 0.821875 0.7078125 0.06484375 0.2484375
7 0.6109375 0.52265625 0.07109375 0.1875
8 0.8273031453125 0.43565646406249997 0.092326665625 0.462556225 0.038935684375 0.5470985421875 0.85229461875 0.52212009375 0.8273031453125 0.43565646406249997
7 0.69453125 0.5046875 0.0609375 0.1890625
7 0.76875 0.6390625 0.05546875 0.23125
7 0.8984375 0.584375 0.07421875 0.2328125
7 0.81796875 0.53359375 0.05703125 0.2
1 0.49453125 0.49609375 0.13828125 0.240625
6 0.953125 0.06953125 0.02109375 0.07890625
3 0.6125 0.44765625 0.0296875 0.03359375
3 0.68984375 0.42578125 0.02265625 0.0421875
3 0.61328125 0.60859375 0.02578125 0.04921875
3 0.7078125 0.6453125 0.0234375 0.04921875
3 0.76796875 0.54765625 0.0296875 0.0484375
3 0.81328125 0.45703125 0.02578125 0.04609375
3 0.82421875 0.61015625 0.02734375 0.0375