7 0.57109375 0.528125 0.07578125 0.2109375
7 0.67578125 0.7578125 0.09375 0.27890625
7 0.5203125 0.81171875 0.09375 0.290625
7 0.3296875 0.184375 0.0515625 0.140625
7 0.20859375 0.0578125 0.04453125 0.09765625
7 0.11875 0.09296875 0.0484375 0.11953125
3 0.56875 0.4390625 0.021875 0.0296875
3 0.3296875 0.12578125 0.015625 0.01875
3 0.21015625 0.02265625 0.01015625 0.01796875
3 0.11953125 0.04921875 0.01171875 0.01796875
3 0.68125 0.64453125 0.03515625 0.040625
8 0.6086292249999999 0.6645847015624999 0.17193277499999998 0.6773898468749999 0.172696634375 0.705868653125 0.6134294437500001 0.6938198890625 0.6086292249999999 0.6645847015624999
3 0.52578125 0.696875 0.034375 0.04765625
9 0.3421875 0.70703125 0.27109375 0.4890625
0 0.10234375 0.66796875 0.2046875 0.6640625
6 0.73359375 0.18515625 0.04296875 0.19140625