6 0.8890625 0.1625 0.05703125 0.146875
8 0.041436117187499996 0.6314528515625 0.7493814640625 0.627685565625 0.6539846125000001 0.61073298125 0.028883932812500002 0.6013149671875 0.041436117187499996 0.6314528515625
7 0.69453125 0.7046875 0.134375 0.48203125
7 0.11875 0.50390625 0.0640625 0.225
7 0.215625 0.515625 0.0609375 0.2125
7 0.36328125 0.53046875 0.06953125 0.22109375
7 0.4703125 0.51796875 0.053125 0.1859375
7 0.59140625 0.54453125 0.0625 0.23828125
3 0.6890625 0.4921875 0.07578125 0.09765625
3 0.5921875 0.453125 0.0375 0.05546875
3 0.37421875 0.44765625 0.04296875 0.04453125
3 0.47265625 0.4484375 0.02578125 0.03125
3 0.2171875 0.440625 0.0359375 0.0421875
3 0.13046875 0.41796875 0.03984375 0.03828125