7 0.1375 0.81015625 0.05625 0.16640625
7 0.1953125 0.8 0.04765625 0.16015625
7 0.26171875 0.82421875 0.0515625 0.16015625
7 0.3109375 0.81640625 0.04296875 0.15625
7 0.36875 0.784375 0.0390625 0.14765625
7 0.43984375 0.78984375 0.05234375 0.16328125
7 0.51796875 0.7734375 0.0578125 0.1609375
7 0.578125 0.74453125 0.05078125 0.16796875
7 0.77265625 0.77578125 0.04609375 0.15
7 0.82265625 0.771875 0.04765625 0.16328125
7 0.2234375 0.71328125 0.04375 0.11171875
7 0.3015625 0.75703125 0.025 0.11328125
3 0.265625 0.7546875 0.015625 0.01875
7 0.271875 0.72890625 0.03125 0.09609375
7 0.34609375 0.75 0.03125 0.140625
7 0.409375 0.73515625 0.03125 0.134375
7 0.45390625 0.73125 0.034375 0.12265625
7 0.8078125 0.69921875 0.0296875 0.0984375
0 0.5328125 0.59453125 0.1234375 0.325
1 0.6828125 0.68671875 0.12109375 0.284375
1 0.63671875 0.571875 0.09296875 0.21796875
6 0.2171875 0.40859375 0.04375 0.05859375
6 0.51484375 0.396875 0.03203125 0.05078125
3 0.5203125 0.7078125 0.0203125 0.0171875
3 0.52109375 0.70625 0.01640625 0.0203125
3 0.31015625 0.7484375 0.01328125 0.0171875
3 0.3703125 0.71640625 0.01640625 0.0125
3 0.3703125 0.71953125 0.01484375 0.01875
3 0.1375 0.73515625 0.0203125 0.0140625
3 0.19921875 0.72890625 0.01171875 0.0125
3 0.221875 0.67265625 0.0140625 0.01953125
3 0.27421875 0.68984375 0.01171875 0.015625
3 0.30078125 0.71328125 0.0125 0.01875
3 0.35 0.6859375 0.01953125 0.0171875
3 0.41015625 0.678125 0.01171875 0.0171875
3 0.4390625 0.7203125 0.01484375 0.0140625
3 0.45234375 0.68046875 0.015625 0.0171875
3 0.76953125 0.70546875 0.02109375 0.0125
3 0.82421875 0.70546875 0.0171875 0.01328125
3 0.8078125 0.6609375 0.0171875 0.01796875
3 0.57734375 0.6734375 0.01328125 0.015625
8 0.1123307546875 0.8849742640624999 0.8489816265625001 0.887034846875 0.8476567968750001 0.8540650578125 0.1249174359375 0.858186221875 0.1123307546875 0.8849742640624999