0 0.32734375 0.78671875 0.31875 0.40234375
7 0.5890625 0.828125 0.0265625 0.115625
7 0.6125 0.8375 0.02734375 0.121875
7 0.1234375 0.8546875 0.06953125 0.13671875
6 0.809375 0.45546875 0.04765625 0.12421875
6 0.81015625 0.73125 0.04609375 0.0984375
6 0.55859375 0.06484375 0.03046875 0.1296875
3 0.590625 0.7828125 0.00859375 0.01640625
3 0.6125 0.790625 0.0109375 0.01953125
3 0.11796875 0.80078125 0.01796875 0.01875
8 0.6891075546875001 0.95380766875 0.46351808906249997 0.9523142312499999 0.45987254375 0.9670390015624999 0.685898328125 0.9722978281250001 0.6891075546875001 0.95380766875