6 0.93984375 0.2609375 0.04765625 0.38828125
7 0.55703125 0.74453125 0.1171875 0.47734375
7 0.70390625 0.64609375 0.07890625 0.38671875
7 0.88046875 0.63671875 0.090625 0.36875
7 0.77265625 0.60078125 0.0609375 0.3265625
7 0.40859375 0.67109375 0.09140625 0.39609375
7 0.19921875 0.771875 0.2484375 0.4421875
7 0.30859375 0.659375 0.05390625 0.32734375
7 0.04765625 0.70625 0.06015625 0.39140625
3 0.87734375 0.490625 0.04453125 0.06171875
3 0.69453125 0.496875 0.01328125 0.0484375
3 0.71640625 0.4859375 0.025 0.05
3 0.771875 0.47265625 0.02265625 0.05
3 0.546875 0.52421875 0.0390625 0.046875
3 0.39921875 0.49140625 0.03515625 0.0375
3 0.30625 0.521875 0.040625 0.04765625
3 0.19140625 0.59375 0.0625 0.09296875
3 0.1171875 0.5828125 0.06171875 0.0890625
3 0.05625 0.53984375 0.03359375 0.05234375
8 0.47890625 0.75 0.9578125 0.1375