1 0.19609375 0.74609375 0.203125 0.234375
1 0.2578125 0.82890625 0.21640625 0.23203125
1 0.54609375 0.3875 0.11328125 0.1265625
1 0.5890625 0.35703125 0.1015625 0.0890625
1 0.38828125 0.3125 0.09609375 0.103125
1 0.53828125 0.29140625 0.1125 0.08984375
1 0.62421875 0.2828125 0.10703125 0.08046875
1 0.2984375 0.23515625 0.059375 0.065625
1 0.3515625 0.24453125 0.06171875 0.0609375
1 0.43203125 0.2640625 0.0984375 0.05390625
1 0.8109375 0.490625 0.1828125 0.17578125
7 0.746875 0.32578125 0.04296875 0.08359375
7 0.70546875 0.3078125 0.03984375 0.075
7 0.45703125 0.384375 0.05234375 0.10234375
7 0.64765625 0.39375 0.06328125 0.10234375
8 0.7048020859374999 0.8610513578125 0.2914890921875 0.6285140546875 0.28033856562500004 0.6432661703125 0.6929620640625 0.880120134375 0.7048020859374999 0.8610513578125
7 0.50859375 0.7546875 0.06875 0.15546875
7 0.5796875 0.77734375 0.06171875 0.15078125
7 0.64140625 0.790625 0.06640625 0.1828125
5 0.6890625 0.803125 0.05546875 0.18359375
7 0.678125 0.9359375 0.0515625 0.12734375
7 0.5890625 0.89375 0.0703125 0.171875
7 0.48671875 0.9078125 0.071875 0.184375
7 0.54765625 0.9703125 0.05546875 0.059375
7 0.403125 0.92265625 0.08984375 0.1546875
7 0.43828125 0.76953125 0.05703125 0.14453125
7 0.36796875 0.79609375 0.0734375 0.12421875
7 0.28984375 0.90546875 0.0921875 0.17421875
7 0.20234375 0.96484375 0.08125 0.0703125
3 0.28046875 0.840625 0.02265625 0.0328125
3 0.36796875 0.75703125 0.0203125 0.03359375
3 0.440625 0.7203125 0.025 0.0328125
3 0.49921875 0.7 0.02109375 0.02265625
3 0.50703125 0.69375 0.01640625 0.028125
3 0.58125 0.72421875 0.02421875 0.02890625
3 0.6421875 0.72890625 0.01640625 0.0265625
3 0.671875 0.8890625 0.0171875 0.03984375
3 0.5875 0.815625 0.0203125 0.02734375
3 0.490625 0.84375 0.0203125 0.0296875
3 0.4828125 0.82890625 0.0203125 0.02421875
3 0.40546875 0.859375 0.02265625 0.02890625
3 0.1875 0.9671875 0.0234375 0.0390625
3 0.21484375 0.95390625 0.01875 0.04296875
3 0.4578125 0.34140625 0.01328125 0.015625
3 0.6484375 0.36015625 0.0125 0.01484375
6 0.8390625 0.3796875 0.021875 0.0875
7 0.78828125 0.5421875 0.06640625 0.121875
3 0.7953125 0.49453125 0.01640625 0.01484375