6 0.9546875 0.1640625 0.0828125 0.328125
8 0.850465475 0.8295351234374999 0.019065925 0.7213876781249999 0 0.7538320015625 0.8072759796875 0.874596584375 0.850465475 0.8295351234374999
7 0.575 0.778125 0.103125 0.36171875
7 0.29921875 0.77890625 0.11328125 0.33828125
7 0.20390625 0.76015625 0.08671875 0.3296875
7 0.096875 0.72734375 0.09375 0.29453125
7 0.76875 0.68828125 0.08828125 0.24609375
3 0.56171875 0.63046875 0.03203125 0.04765625
3 0.2953125 0.621875 0.03359375 0.03984375
3 0.203125 0.61640625 0.06015625 0.05234375
3 0.096875 0.596875 0.04375 0.0484375
4 0.75390625 0.590625 0.05078125 0.04453125
6 0.56171875 0.31796875 0.03125 0.03828125
6 0.6515625 0.30703125 0.02265625 0.034375
6 0.58984375 0.30859375 0.01484375 0.05703125
6 0.67890625 0.303125 0.0203125 0.0703125