6 0.61640625 0.12890625 0.071875 0.23515625
6 0.61640625 0.4828125 0.0375 0.08828125
7 0.4640625 0.6125 0.1296875 0.1515625
7 0.665625 0.61328125 0.146875 0.15625
7 0.921875 0.6265625 0.15625 0.15625
7 0.21640625 0.7375 0.18828125 0.39765625
7 0.0609375 0.75234375 0.12109375 0.40546875
7 0.3703125 0.590625 0.08671875 0.11015625
3 0.2234375 0.58984375 0.0578125 0.03828125
3 0.2109375 0.5671875 0.04296875 0.0390625
3 0.0328125 0.58203125 0.04609375 0.06015625
3 0.38125 0.55 0.0203125 0.021875
3 0.421875 0.55234375 0.01953125 0.02578125
3 0.45 0.55234375 0.01796875 0.02421875
3 0.659375 0.55 0.03125 0.03515625
3 0.91953125 0.56484375 0.0296875 0.02890625
7 0.17109375 0.6015625 0.07265625 0.1453125
3 0.171875 0.5421875 0.0140625 0.01640625
7 0.259375 0.6171875 0.09375 0.15078125
3 0.23359375 0.55625 0.0171875 0.02421875
7 0.0875 0.62265625 0.11484375 0.15
0 0.09140625 0.5921875 0.00078125 0.0046875
3 0.07421875 0.5578125 0.02109375 0.02734375
8 0.0762232890625 0.8824238937500001 0.3867424015625 0.9020201999999999 0.4073640125 0.8642492781250001 0.0906207359375 0.8420358312499999 0.0762232890625 0.8824238937500001