7 0.39375 0.865625 0.0828125 0.26875
7 0.54921875 0.81953125 0.04296875 0.14609375
7 0.1671875 0.86015625 0.134375 0.2796875
7 0.665625 0.81640625 0.04375 0.13359375
7 0.58203125 0.7984375 0.03125 0.1125
7 0.62421875 0.8078125 0.0375 0.11640625
7 0.715625 0.80625 0.0390625 0.109375
10 0.946875 0.5609375 0.0546875 0.175
10 0.28046875 0.184375 0.04765625 0.1578125
10 0.52421875 0.14375 0.0421875 0.165625
3 0.38828125 0.75703125 0.028125 0.03984375
3 0.1703125 0.75546875 0.0421875 0.05546875
3 0.54609375 0.759375 0.01328125 0.01796875
3 0.6640625 0.76640625 0.01484375 0.0265625
3 0.715625 0.76484375 0.0140625 0.01640625
1 0.07734375 0.85078125 0.1546875 0.290625
1 0.471875 0.79296875 0.1125 0.1296875
3 0.5828125 0.753125 0.01328125 0.01953125