7 0.471875 0.81328125 0.1078125 0.28828125
1 0.34140625 0.734375 0.13515625 0.14375
7 0.3078125 0.75234375 0.0703125 0.1703125
7 0.6265625 0.740625 0.05546875 0.16015625
7 0.1546875 0.72265625 0.071875 0.1375
1 0.078125 0.76953125 0.15625 0.17421875
1 0.22421875 0.71484375 0.11484375 0.09453125
1 0.48203125 0.7390625 0.17421875 0.1734375
9 0.56171875 0.6734375 0.09296875 0.1140625
4 0.303125 0.68359375 0.01640625 0.0234375
3 0.46875 0.6890625 0.02109375 0.03203125
3 0.621875 0.68046875 0.0140625 0.0234375
3 0.1515625 0.675 0.0140625 0.02734375
2 0.7600303890625 0.2906599984375 0.700326778125 0.306100215625 0.702500046875 0.3636158609375 0.763299075 0.355993578125 0.7600303890625 0.2906599984375
2 0.8953572578125 0.26125988906250003 0.772875796875 0.29302832031250003 0.7776817203124999 0.351637971875 0.9018947484375 0.32114898593749996 0.8953572578125 0.26125988906250003
8 0.9493463859375 0.8502178625000001 0.20499404375000002 0.7959063093750001 0.19714900625 0.81006195 0.9450424453125 0.87212885 0.9493463859375 0.8502178625000001