7 0.3296875 0.825 0.1234375 0.35
7 0.16328125 0.83359375 0.09921875 0.3328125
7 0.47265625 0.834375 0.0921875 0.33125
7 0.575 0.83125 0.08359375 0.29609375
7 0.68359375 0.84765625 0.10390625 0.30390625
7 0.0859375 0.8140625 0.06484375 0.30390625
3 0.32265625 0.7234375 0.0375 0.0484375
3 0.31484375 0.675 0.03359375 0.04453125
3 0.47421875 0.70625 0.0296875 0.04609375
3 0.57109375 0.71171875 0.02578125 0.0328125
3 0.68984375 0.725 0.03828125 0.05234375
3 0.16171875 0.7015625 0.02578125 0.034375
3 0.08515625 0.73203125 0.025 0.028125
3 0.084375 0.684375 0.02890625 0.028125
10 0.734375 0.34453125 0.0453125 0.1921875
10 0.72421875 0.6984375 0.0296875 0.10625
7 0.78203125 0.78984375 0.0953125 0.21171875
3 0.7765625 0.7046875 0.01796875 0.0296875
7 0.4265625 0.7890625 0.04921875 0.2265625
3 0.42890625 0.6953125 0.01796875 0.03203125