7 0.86171875 0.2734375 0.16015625 0.48828125
7 0.49609375 0.38359375 0.1484375 0.521875
7 0.1375 0.3875 0.09609375 0.46640625
7 0.76953125 0.78828125 0.1609375 0.4234375
7 0.20703125 0.71484375 0.15 0.5703125
4 0.1109375 0.21875 0.01796875 0.053125
3 0.13671875 0.20234375 0.03828125 0.0953125
3 0.7546875 0.6390625 0.06953125 0.11640625
3 0.8671875 0.0875 0.046875 0.08046875
4 0.48828125 0.16875 0.02578125 0.0640625
4 0.515625 0.1828125 0.03359375 0.08203125
4 0.19609375 0.4765625 0.0578125 0.06953125