7 0.36640625 0.2015625 0.0984375 0.378125
7 0.5921875 0.22109375 0.10625 0.36640625
7 0.20078125 0.78125 0.14296875 0.4375
7 0.4296875 0.81796875 0.15703125 0.36328125
4 0.35 0.03125 0.0265625 0.0296875
4 0.36875 0.0453125 0.0234375 0.02734375
4 0.2046875 0.6359375 0.0375 0.034375
4 0.425 0.66796875 0.04765625 0.05
4 0.19140625 0.59296875 0.046875 0.0546875
7 0.57265625 0.12578125 0.075 0.25078125
3 0.5984375 0.06015625 0.0390625 0.0421875
1 0.9109375 0.39453125 0.178125 0.51328125
3 0.08203125 0.96015625 0.0578125 0.0796875