7 0.3515625 0.56171875 0.16328125 0.4453125
7 0.51875 0.6 0.171875 0.4515625
7 0.7109375 0.19296875 0.13046875 0.36875
7 0.87734375 0.27421875 0.17734375 0.41015625
4 0.3296875 0.45546875 0.04140625 0.034375
4 0.3515625 0.384375 0.0328125 0.0359375
4 0.375 0.36328125 0.0359375 0.0328125
4 0.49765625 0.45625 0.04140625 0.02578125
4 0.5015625 0.403125 0.03515625 0.0390625
4 0.53125 0.41328125 0.0421875 0.02578125
4 0.86640625 0.16953125 0.03125 0.02578125
3 0.715625 0.04453125 0.04140625 0.06015625
3 0.8859375 0.1109375 0.04375 0.04453125
3 0.9109375 0.0984375 0.0515625 0.04140625
1 0.88828125 0.7953125 0.2234375 0.40625
1 0.66328125 0.91953125 0.43984375 0.16015625
1 0.19375 0.88515625 0.3875 0.2265625