7 0.31875 0.66640625 0.21328125 0.6671875
7 0.42578125 0.54921875 0.1125 0.396875
7 0.59375 0.546875 0.11328125 0.40703125
7 0.871875 0.48671875 0.09296875 0.265625
7 0.7953125 0.44140625 0.0625 0.1796875
3 0.30859375 0.37890625 0.06796875 0.08046875
3 0.87109375 0.3765625 0.025 0.0390625
3 0.796875 0.3625 0.01640625 0.02421875
3 0.809375 0.37109375 0.02109375 0.02578125
4 0.42578125 0.3734375 0.02734375 0.0328125
9 0.56640625 0.409375 0.20859375 0.4453125
4 0.5796875 0.371875 0.025 0.0328125
1 0.134375 0.51484375 0.25 0.4765625