7 0.55859375 0.62109375 0.25078125 0.51875
4 0.496875 0.40859375 0.046875 0.0828125
4 0.55078125 0.39296875 0.04296875 0.07890625
7 0.7671875 0.48203125 0.18984375 0.3015625
3 0.78671875 0.375 0.04140625 0.05625
7 0.10859375 0.4234375 0.0625 0.1890625
3 0.1046875 0.34921875 0.028125 0.04140625
7 0.34921875 0.40703125 0.0515625 0.1515625
3 0.35 0.36015625 0.021875 0.03203125
7 0.41171875 0.41015625 0.0609375 0.1484375
3 0.4078125 0.365625 0.02421875 0.02890625
7 0.2484375 0.40078125 0.0328125 0.12265625
3 0.24453125 0.35703125 0.01328125 0.0234375