7 0.4609375 0.69296875 0.1171875 0.30625
7 0.2296875 0.61328125 0.0390625 0.16171875
7 0.26796875 0.625 0.05234375 0.17265625
7 0.18203125 0.61875 0.06015625 0.17578125
7 0.35390625 0.6359375 0.03828125 0.1546875
7 0.3859375 0.64765625 0.05859375 0.1640625
7 0.296875 0.62265625 0.0421875 0.15625
1 0.5484375 0.66953125 0.14453125 0.18828125
1 0.75078125 0.69609375 0.16796875 0.1671875
9 0.4953125 0.55390625 0.140625 0.18671875
1 0.68203125 0.65546875 0.11015625 0.13515625
3 0.1875 0.55 0.01953125 0.0234375
3 0.234375 0.546875 0.0171875 0.02265625
3 0.2671875 0.5515625 0.02109375 0.0171875
3 0.29296875 0.55546875 0.01875 0.0125
3 0.35625 0.56875 0.01875 0.02265625
3 0.384375 0.57421875 0.02265625 0.01796875
3 0.45703125 0.55859375 0.03046875 0.025
6 0.365625 0.025 0.046875 0.04921875
8 0.1630199859375 0.706392921875 0.6698752015625 0.763963409375 0.6686682921875 0.7503225984374999 0.16943865 0.68698211875 0.1630199859375 0.706392921875
6 0.10078125 0.29296875 0.04609375 0.0578125
9 0.59140625 0.54375 0.0984375 0.1109375