6 0.3921875 0.090625 0.103125 0.06015625
6 0.1328125 0.1 0.0734375 0.0515625
6 0.5953125 0.0875 0.209375 0.06875
6 0.909375 0.396875 0.05078125 0.1296875
7 0.38984375 0.69921875 0.0875 0.2296875
7 0.49609375 0.68203125 0.0546875 0.18046875
7 0.55078125 0.72734375 0.08984375 0.26640625
7 0.68046875 0.71796875 0.07421875 0.2484375
3 0.6765625 0.61171875 0.0296875 0.028125
3 0.4984375 0.6078125 0.02734375 0.01953125
3 0.546875 0.6140625 0.03203125 0.03046875
3 0.3875 0.59921875 0.03359375 0.02421875
8 0.7207832015625 0.8993597421875 0.7194872796875 0.879951634375 0.000842759375 0.7969512609375 0.001613790625 0.8139513859375 0.7207832015625 0.8993597421875