7 0.65625 0.66953125 0.0890625 0.2453125
8 0.735444834375 0.603610853125 0.495224590625 0.55836133125 0.5091168421875001 0.59949731875 0.7481793625 0.6426900734375 0.735444834375 0.603610853125
7 0.66328125 0.5484375 0.0765625 0.13046875
7 0.44765625 0.42265625 0.07734375 0.19921875
7 0.43515625 0.30234375 0.05703125 0.14375
1 0.28828125 0.0328125 0.0390625 0.065625
2 0.7902198890625 0.26748971093749996 0.7724908015625 0.3382839296875 0.79738105 0.357823540625 0.8135887468749999 0.2786368078125 0.7902198890625 0.26748971093749996
2 0.7186583296875 0.035934646875 0.8023726671875 0.09619341406250001 0.815325278125 0.050332246875 0.738917896875 0 0.7186583296875 0.035934646875
3 0.4375 0.25078125 0.0203125 0.03125
3 0.4625 0.33984375 0.01484375 0.02109375
3 0.6828125 0.56171875 0.0171875 0.03359375
3 0.68671875 0.5015625 0.01484375 0.0296875