1 0.2890625 0.7 0.34765625 0.6
7 0.54921875 0.825 0.1125 0.35
7 0.6140625 0.6015625 0.08203125 0.2328125
7 0.6796875 0.77421875 0.1078125 0.26015625
7 0.8109375 0.88984375 0.12734375 0.2203125
7 0.93046875 0.91015625 0.109375 0.1796875
7 0.9578125 0.88671875 0.0734375 0.1546875
7 0.7875 0.6890625 0.0953125 0.1953125
7 0.71328125 0.675 0.0953125 0.215625
7 0.065625 0.5234375 0.13125 0.26484375
3 0.559375 0.6828125 0.02890625 0.053125
3 0.57890625 0.70703125 0.0296875 0.04921875
3 0.7125 0.66875 0.0234375 0.040625
3 0.74140625 0.5890625 0.02109375 0.04140625
3 0.8171875 0.6125 0.0234375 0.0328125
3 0.85078125 0.8046875 0.02578125 0.04375
3 0.959375 0.83828125 0.0203125 0.03671875
3 0.9796875 0.83828125 0.02109375 0.03359375
3 0.87109375 0.7390625 0.01953125 0.0328125
3 0.0671875 0.4203125 0.03046875 0.0453125
2 0.7099756734375 0.0307926828125 0.7936921124999999 0.0900205734375 0.8066426218749999 0.044161853125 0.7203948609374999 0 0.7099756734375 0.0307926828125
2 0.7902198890625 0.2705761296875 0.773648525 0.3465111375 0.79564451875 0.3609087375 0.8124310234375001 0.2868640140625 0.7902198890625 0.2705761296875
8 0.708239140625 0.6046392828125 0.4940669203125 0.5593897625 0.5085380328125 0.5984688890625 0.689137296875 0.6344628203125 0.708239140625 0.6046392828125
3 0.646875 0.5140625 0.01796875 0.02578125