7 0.58671875 0.6546875 0.096875 0.253125
7 0.67734375 0.625 0.096875 0.21953125
7 0.725 0.61015625 0.06640625 0.184375
7 0.8734375 0.81640625 0.10859375 0.2140625
7 0.271875 0.38359375 0.07109375 0.2
3 0.61171875 0.5484375 0.02421875 0.0375
3 0.67734375 0.53046875 0.0171875 0.02890625
3 0.74375 0.53359375 0.01875 0.02265625
3 0.90078125 0.73046875 0.0171875 0.03046875
3 0.9171875 0.73984375 0.01640625 0.0375
4 0.27734375 0.3 0.01953125 0.02109375
5 0.8453125 0.58125 0.05390625 0.15625
2 0.7146064578125 0.031821065625 0.789351834375 0.0869341546875 0.8066426218749999 0.04724705 0.730235240625 0 0.7146064578125 0.031821065625
2 0.7902198890625 0.2644032890625 0.7724908015625 0.345482753125 0.79911758125 0.3567951109375 0.8147463640625 0.27657999375000003 0.7902198890625 0.2644032890625
8 0.5571609125 0.6025825171875 0.560055165625 0.57584408125 0.5011573890625 0.56378600625 0.4998553765625 0.5645317249999999 0.5091168421875001 0.5892132984375 0.5571609125 0.6025825171875