7 0.36015625 0.42109375 0.0828125 0.2546875
7 0.6046875 0.51796875 0.07578125 0.2109375
7 0.665625 0.53203125 0.06796875 0.175
7 0.7703125 0.85859375 0.13125 0.2828125
7 0.75078125 0.71171875 0.10546875 0.17578125
3 0.3734375 0.3125 0.02109375 0.03359375
4 0.6296875 0.42890625 0.01796875 0.02890625
3 0.690625 0.4625 0.0171875 0.02578125
3 0.790625 0.64296875 0.0296875 0.04453125
3 0.80546875 0.74140625 0.0203125 0.034375
3 0.71576418125 0.597440459375 0.532849578125 0.5665884921875 0.502170821875 0.5604180984375 0.5102746703125 0.602582421875 0.7273410921875 0.6252072296875 0.71576418125 0.597440459375
2 0.7041872703125 0.029764253125 0.7989004453125 0.091563784375 0.808379153125 0.048275432812500005 0.7203948609374999 0 0.7041872703125 0.029764253125
2 0.788483778125 0.26748971093749996 0.7713330796875 0.3506247171875 0.79738105 0.36707913125 0.8147463640625 0.280693621875 0.788483778125 0.26748971093749996