7 0.51796875 0.5 0.12265625 0.23359375
7 0.6328125 0.515625 0.06796875 0.21484375
7 0.74921875 0.6265625 0.0890625 0.203125
3 0.53515625 0.409375 0.02109375 0.0375
3 0.6453125 0.42734375 0.01640625 0.02578125
3 0.7734375 0.54453125 0.015625 0.0296875
7 0.4609375 0.2109375 0.040625 0.10625
7 0.5390625 0.20546875 0.05625 0.09140625
3 0.4640625 0.175 0.0140625 0.01875
3 0.540625 0.171875 0.0078125 0.01640625
8 0.5089698890625 0.5946502031249999 0.7192371375 0.6385764468749999 0.6989776765625 0.6066960484374999 0.5351648124999999 0.5686453515625 0.5089698890625 0.5946502031249999
2 0.72097366875 0.037991459374999995 0.7997685015625 0.094650203125 0.8124310234375001 0.050332246875 0.737760175 0 0.72097366875 0.037991459374999995
2 0.789856115625 0.2642392078125 0.7730696109374999 0.34342593906249996 0.795065709375 0.35473834375 0.8130098328124999 0.273494796875 0.789856115625 0.2642392078125