7 0.53671875 0.3234375 0.05546875 0.13515625
7 0.46796875 0.55859375 0.0875 0.23671875
7 0.55546875 0.5734375 0.075 0.23359375
7 0.740625 0.60234375 0.08359375 0.18828125
7 0.8 0.70625 0.10234375 0.18046875
3 0.54453125 0.26875 0.0171875 0.025
3 0.49609375 0.46875 0.0234375 0.0359375
3 0.578125 0.4765625 0.0203125 0.0296875
3 0.7609375 0.52421875 0.0109375 0.02890625
3 0.8328125 0.6375 0.02109375 0.025
1 0.8359375 0.86328125 0.3125 0.2734375
2 0.788483778125 0.2613168703125 0.7748061421875 0.3465111375 0.79564451875 0.357823540625 0.8130098328124999 0.2724664140625 0.788483778125 0.2613168703125
2 0.7041872703125 0.025650671874999996 0.789856115625 0.086326225 0.80606370625 0.0421050390625 0.718079521875 0 0.7041872703125 0.025650671874999996
8 0.7059238015625 0.6056677125000001 0.5015919078125 0.5645317249999999 0.5120110953125 0.597440459375 0.708239140625 0.6303492875 0.7059238015625 0.6056677125000001