7 0.50859375 0.46328125 0.07265625 0.215625
7 0.69609375 0.7171875 0.12578125 0.2578125
7 0.7546875 0.640625 0.0671875 0.20390625
7 0.66953125 0.5796875 0.084375 0.1609375
3 0.53125 0.3921875 0.02109375 0.03359375
3 0.696875 0.51796875 0.02109375 0.034375
3 0.721875 0.61015625 0.01796875 0.03125
3 0.76796875 0.553125 0.01953125 0.02109375
3 0.528125 0.371875 0.02734375 0.0296875
2 0.7875407765625 0.2632108234375 0.788483778125 0.2644032890625 0.7730696109374999 0.3423975578125 0.79911758125 0.361937121875 0.815325278125 0.277608425 0.7875407765625 0.2632108234375
2 0.7076603328125 0.0338778796875 0.7919560015625 0.091563784375 0.8049060906250001 0.0400482734375 0.7313928578125 0 0.7076603328125 0.0338778796875
8 0.6370413546875 0.5912700656250001 0.5020254453125 0.565329215625 0.5062226937500001 0.5933269265625001 0.632989484375 0.614923303125 0.6370413546875 0.5912700656250001