7 0.50390625 0.60390625 0.078125 0.28125
7 0.58984375 0.5234375 0.0515625 0.22421875
7 0.646875 0.73671875 0.084375 0.29375
7 0.76484375 0.8171875 0.09140625 0.27421875
8 0.63111066875 0.41396328125000004 0.19792498281249998 0.3411800734375 0.1865653203125 0.45035494218750005 0.6765496390625 0.5325730203125 0.63111066875 0.41396328125000004
7 0.59453125 0.32421875 0.03828125 0.1328125
7 0.93984375 0.93828125 0.09765625 0.1234375
2 0.79765625 0.321875 0.0296875 0.0984375
3 0.51953125 0.50546875 0.028125 0.05390625
3 0.5890625 0.4375 0.01015625 0.02890625
3 0.60703125 0.45234375 0.0140625 0.02890625
3 0.6734375 0.628125 0.02890625 0.0484375
3 0.79375 0.73046875 0.02109375 0.04140625
3 0.96953125 0.91796875 0.02265625 0.05703125