7 0.53984375 0.65078125 0.134375 0.25234375
7 0.5671875 0.5203125 0.08046875 0.1046875
7 0.71015625 0.6328125 0.08671875 0.2125
7 0.77421875 0.63828125 0.05703125 0.19921875
7 0.47421875 0.25 0.03984375 0.12421875
8 0.675823853125 0.5964121234374999 0.4981188453125 0.5645317249999999 0.5044861625 0.5943552624999999 0.66482585625 0.6293208578125 0.675823853125 0.5964121234374999
3 0.57109375 0.54140625 0.03046875 0.03203125
3 0.590625 0.49296875 0.02109375 0.03125
3 0.478125 0.2 0.01484375 0.01953125
3 0.7390625 0.54296875 0.01640625 0.0328125
3 0.778125 0.55625 0.021875 0.040625
3 0.5921875 0.578125 0.025 0.03046875
2 0.718079521875 0 0.6960834218749999 0.019480278125 0.79282405625 0.091563784375 0.8066426218749999 0.0451902359375 0.7406544296875001 0.00199748125 0.718079521875 0
2 0.788483778125 0.2659465 0.7719119937500001 0.3423975578125 0.8014330265625 0.35473834375 0.8141675546875 0.2796651921875 0.788483778125 0.2659465