7 0.6046875 0.6875 0.1 0.23671875
7 0.5640625 0.48984375 0.06640625 0.203125
7 0.6703125 0.66484375 0.0671875 0.20625
7 0.765625 0.81171875 0.1078125 0.2421875
7 0.86953125 0.8140625 0.09609375 0.2140625
7 0.67421875 0.53203125 0.0859375 0.1640625
1 0.5203125 0.3 0.09765625 0.1859375
1 0.35390625 0.2140625 0.09375 0.15625
1 0.30703125 0.0625 0.053125 0.096875
7 0.2859375 0.234375 0.0359375 0.15625
7 0.234375 0.20234375 0.03828125 0.1421875
5 0.63046875 0.3953125 0.0375 0.13828125
3 0.58125 0.40625 0.01953125 0.03671875
8 0.7250012875 0.59949731875 0.500988740625 0.5604180984375 0.4998310703125 0.5953836921875 0.7232647562500001 0.6293208578125 0.7250012875 0.59949731875
3 0.63984375 0.58046875 0.02265625 0.04609375
3 0.6625 0.57578125 0.021875 0.034375
4 0.68671875 0.5859375 0.0296875 0.0453125
3 0.696875 0.48046875 0.0203125 0.03125
3 0.80078125 0.71875 0.02109375 0.04453125
3 0.90390625 0.73359375 0.01796875 0.03671875
3 0.29140625 0.17265625 0.0125 0.0203125
3 0.2421875 0.1453125 0.01484375 0.015625
2 0.8112733015625 0.0400482734375 0.8110532234375001 0.0406378578125 0.7360236437500001 0 0.7261832640625 0.050332246875 0.7985387734375 0.089411421875 0.8112733015625 0.0400482734375
2 0.7867476671875 0.26903291875 0.7745153203124999 0.3423975578125 0.797090228125 0.355766728125 0.8109824781249999 0.2848072015625 0.7867476671875 0.26903291875