7 0.6046875 0.6578125 0.10703125 0.24140625
7 0.77578125 0.809375 0.11875 0.25
7 0.853125 0.78984375 0.06953125 0.2234375
7 0.71328125 0.63984375 0.096875 0.20625
7 0.78203125 0.634375 0.075 0.16875
7 0.61875 0.525 0.07109375 0.1328125
8 0.6769815765625 0.60052565625 0.5020254453125 0.565329215625 0.5114322875 0.5933269265625001 0.6752450453125001 0.62417889375 0.6769815765625 0.60052565625
3 0.63515625 0.559375 0.0203125 0.03359375
3 0.6375 0.47890625 0.0171875 0.03046875
3 0.73046875 0.56328125 0.01328125 0.03671875
3 0.75 0.5640625 0.0140625 0.0375
3 0.78359375 0.56328125 0.01640625 0.03046875
3 0.80234375 0.57265625 0.0171875 0.02734375
3 0.81171875 0.7015625 0.01484375 0.046875
3 0.85703125 0.69609375 0.0203125 0.03671875
3 0.8765625 0.70390625 0.01328125 0.04453125
2 0.7192371375 0.031821065625 0.795065709375 0.0842694109375 0.8066426218749999 0.0462186671875 0.7435485765625 0.0009690984374999999 0.7192371375 0.031821065625
2 0.8130098328124999 0.2868640140625 0.7882457109375001 0.27026131875 0.7730696109374999 0.3485679515625 0.7962234328125 0.363993934375 0.8130098328124999 0.2868640140625