7 0.540625 0.51640625 0.08828125 0.21953125
7 0.43984375 0.38984375 0.06875 0.2
7 0.76015625 0.7921875 0.12265625 0.23515625
7 0.83203125 0.75859375 0.07421875 0.209375
7 0.71953125 0.628125 0.0734375 0.21484375
7 0.7875 0.61484375 0.06171875 0.1484375
3 0.44765625 0.30703125 0.01953125 0.0234375
3 0.559375 0.4265625 0.02734375 0.03359375
3 0.73984375 0.53984375 0.02109375 0.0359375
3 0.73984375 0.540625 0.0171875 0.0375
3 0.79375 0.5546875 0.01328125 0.02578125
3 0.80625 0.5828125 0.01484375 0.02890625
3 0.84765625 0.67265625 0.01796875 0.02890625
3 0.796875 0.690625 0.02109375 0.0421875
2 0.7001352921875 0.029764253125 0.7980323890625 0.091563784375 0.8078002375000001 0.0421050390625 0.733708303125 0 0.70360835625 0.0122815015625 0.7001352921875 0.029764253125
2 0.788483778125 0.2659465 0.774227334375 0.3485679515625 0.7996964953125001 0.361937121875 0.8141675546875 0.28377881875 0.788483778125 0.2659465
8 0.697819953125 0.6066960484374999 0.5015919078125 0.5624749578125 0.5102745640624999 0.59949731875 0.6885584875 0.633434484375 0.697819953125 0.6066960484374999