7 0.23203125 0.72890625 0.128125 0.4734375
7 0.63359375 0.6453125 0.11171875 0.2609375
7 0.1171875 0.59453125 0.059375 0.1859375
6 0.553125 0.0484375 0.075 0.096875
6 0.671875 0.02734375 0.05859375 0.0546875
6 0.9140625 0.1703125 0.0578125 0.18984375
6 0.8734375 0.3796875 0.04453125 0.0875
6 0.07890625 0.2890625 0.05859375 0.0921875
4 0.228125 0.52421875 0.0484375 0.05078125
3 0.62890625 0.53515625 0.0296875 0.02578125
3 0.6609375 0.54296875 0.02890625 0.03203125
3 0.11640625 0.5203125 0.025 0.02734375
8 0 0.829325675 0.8849358781250001 0.7790529328125 0.8877542343749999 0.7807510828125 0.887112975 0.77971755 0.854412753125 0.75801399375 0 0.79935413125 0 0.829325675