6 0.50625 0.171875 0.0921875 0.1
10 0.6703125 0.18359375 0.0328125 0.1015625
10 0.8203125 0.240625 0.0609375 0.1890625
7 0.13984375 0.73515625 0.134375 0.36484375
7 0.28203125 0.71328125 0.08984375 0.33359375
7 0.35859375 0.7734375 0.128125 0.375
7 0.52421875 0.72890625 0.09453125 0.33671875
7 0.4578125 0.64375 0.0484375 0.178125
7 0.615625 0.6390625 0.05 0.1375
1 0.234375 0.65390625 0.19140625 0.2765625
1 0.39140625 0.6234375 0.14609375 0.11328125
3 0.13125 0.584375 0.0390625 0.0515625
3 0.28671875 0.5734375 0.03671875 0.04765625
3 0.525 0.5796875 0.0453125 0.04453125
3 0.36171875 0.60078125 0.046875 0.03984375
3 0.4640625 0.571875 0.02578125 0.021875
3 0.615625 0.58515625 0.0234375 0.02109375
8 0 0.8419888703125 0.6476050625 0.8723756312500001 0.6589897375 0.85542860625 0.0052914625 0.8192447265625 0 0.8419888703125